0.00100000 0.00051250 0.00230000 0.01900000
0.00050000 0.00179375 0.00230000 0.01951250
0.00050000 0.00179375 0.00280000 0.01951250
0.00050000 0.00179375 0.00230000 0.02130625
0.00050000 0.00179375 0.00280000 0.02130625
0.00100000 0.00051250 0.00330000 0.01900000
0.00050000 0.00179375 0.00330000 0.01951250
0.00050000 0.00179375 0.00380000 0.01951250
0.00050000 0.00179375 0.00330000 0.02130625
0.00050000 0.00179375 0.00380000 0.02130625
0.00100000 0.00051250 0.00475000 0.01900000
0.00050000 0.00179375 0.00475000 0.01951250
0.00050000 0.00179375 0.00525000 0.01951250
0.00050000 0.00179375 0.00475000 0.02130625
0.00050000 0.00179375 0.00525000 0.02130625
0.00100000 0.00051250 0.00575000 0.01900000
0.00050000 0.00179375 0.00575000 0.01951250
0.00050000 0.00179375 0.00625000 0.01951250
0.00050000 0.00179375 0.00575000 0.02130625
0.00050000 0.00179375 0.00625000 0.02130625
0.00100000 0.00051250 0.00720000 0.01900000
0.00050000 0.00179375 0.00720000 0.01951250
0.00050000 0.00179375 0.00770000 0.01951250
0.00050000 0.00179375 0.00720000 0.02130625
0.00050000 0.00179375 0.00770000 0.02130625
0.00100000 0.00051250 0.00820000 0.01900000
0.00050000 0.00179375 0.00820000 0.01951250
0.00050000 0.00179375 0.00870000 0.01951250
0.00050000 0.00179375 0.00820000 0.02130625
0.00050000 0.00179375 0.00870000 0.02130625
0.00100000 0.00051250 0.00965000 0.01900000
0.00050000 0.00179375 0.00965000 0.01951250
0.00050000 0.00179375 0.01015000 0.01951250
0.00050000 0.00179375 0.00965000 0.02130625
0.00050000 0.00179375 0.01015000 0.02130625
0.00100000 0.00051250 0.01065000 0.01900000
0.00050000 0.00179375 0.01065000 0.01951250
0.00050000 0.00179375 0.01115000 0.01951250
0.00050000 0.00179375 0.01065000 0.02130625
0.00050000 0.00179375 0.01115000 0.02130625
0.00100000 0.00051250 0.01210000 0.01900000
0.00050000 0.00179375 0.01210000 0.01951250
0.00050000 0.00179375 0.01260000 0.01951250
0.00050000 0.00179375 0.01210000 0.02130625
0.00050000 0.00179375 0.01260000 0.02130625
0.00100000 0.00051250 0.01310000 0.01900000
0.00050000 0.00179375 0.01310000 0.01951250
0.00050000 0.00179375 0.01360000 0.01951250
0.00050000 0.00179375 0.01310000 0.02130625
0.00050000 0.00179375 0.01360000 0.02130625
0.00100000 0.00051250 0.01455000 0.01900000
0.00050000 0.00179375 0.01455000 0.01951250
0.00050000 0.00179375 0.01505000 0.01951250
0.00050000 0.00179375 0.01455000 0.02130625
0.00050000 0.00179375 0.01505000 0.02130625
0.00100000 0.00051250 0.01555000 0.01900000
0.00050000 0.00179375 0.01555000 0.01951250
0.00050000 0.00179375 0.01605000 0.01951250
0.00050000 0.00179375 0.01555000 0.02130625
0.00050000 0.00179375 0.01605000 0.02130625
0.00100000 0.00051250 0.01700000 0.01900000
0.00050000 0.00179375 0.01700000 0.01951250
0.00050000 0.00179375 0.01750000 0.01951250
0.00050000 0.00179375 0.01700000 0.02130625
0.00050000 0.00179375 0.01750000 0.02130625
0.00100000 0.00051250 0.01800000 0.01900000
0.00050000 0.00179375 0.01800000 0.01951250
0.00050000 0.00179375 0.01850000 0.01951250
0.00050000 0.00179375 0.01800000 0.02130625
0.00050000 0.00179375 0.01850000 0.02130625
0.00100000 0.00051250 0.01945000 0.01900000
0.00050000 0.00179375 0.01945000 0.01951250
0.00050000 0.00179375 0.01995000 0.01951250
0.00050000 0.00179375 0.01945000 0.02130625
0.00050000 0.00179375 0.01995000 0.02130625
0.00100000 0.00051250 0.02045000 0.01900000
0.00050000 0.00179375 0.02045000 0.01951250
0.00050000 0.00179375 0.02095000 0.01951250
0.00050000 0.00179375 0.02045000 0.02130625
0.00050000 0.00179375 0.02095000 0.02130625
0.00100000 0.00051250 0.02190000 0.01900000
0.00050000 0.00179375 0.02190000 0.01951250
0.00050000 0.00179375 0.02240000 0.01951250
0.00050000 0.00179375 0.02190000 0.02130625
0.00050000 0.00179375 0.02240000 0.02130625
0.00100000 0.00051250 0.02290000 0.01900000
0.00050000 0.00179375 0.02290000 0.01951250
0.00050000 0.00179375 0.02340000 0.01951250
0.00050000 0.00179375 0.02290000 0.02130625
0.00050000 0.00179375 0.02340000 0.02130625
0.00100000 0.00051250 0.02435000 0.01900000
0.00050000 0.00179375 0.02435000 0.01951250
0.00050000 0.00179375 0.02485000 0.01951250
0.00050000 0.00179375 0.02435000 0.02130625
0.00050000 0.00179375 0.02485000 0.02130625
0.00100000 0.00051250 0.02535000 0.01900000
0.00050000 0.00179375 0.02535000 0.01951250
0.00050000 0.00179375 0.02585000 0.01951250
0.00050000 0.00179375 0.02535000 0.02130625
0.00050000 0.00179375 0.02585000 0.02130625
0.00100000 0.00051250 0.00230000 0.01480000
0.00050000 0.00179375 0.00230000 0.01531250
0.00050000 0.00179375 0.00280000 0.01531250
0.00050000 0.00179375 0.00230000 0.01710625
0.00050000 0.00179375 0.00280000 0.01710625
0.00100000 0.00051250 0.00330000 0.01480000
0.00050000 0.00179375 0.00330000 0.01531250
0.00050000 0.00179375 0.00380000 0.01531250
0.00050000 0.00179375 0.00330000 0.01710625
0.00050000 0.00179375 0.00380000 0.01710625
0.00100000 0.00051250 0.00475000 0.01480000
0.00050000 0.00179375 0.00475000 0.01531250
0.00050000 0.00179375 0.00525000 0.01531250
0.00050000 0.00179375 0.00475000 0.01710625
0.00050000 0.00179375 0.00525000 0.01710625
0.00100000 0.00051250 0.00575000 0.01480000
0.00050000 0.00179375 0.00575000 0.01531250
0.00050000 0.00179375 0.00625000 0.01531250
0.00050000 0.00179375 0.00575000 0.01710625
0.00050000 0.00179375 0.00625000 0.01710625
0.00100000 0.00051250 0.00720000 0.01480000
0.00050000 0.00179375 0.00720000 0.01531250
0.00050000 0.00179375 0.00770000 0.01531250
0.00050000 0.00179375 0.00720000 0.01710625
0.00050000 0.00179375 0.00770000 0.01710625
0.00100000 0.00051250 0.00820000 0.01480000
0.00050000 0.00179375 0.00820000 0.01531250
0.00050000 0.00179375 0.00870000 0.01531250
0.00050000 0.00179375 0.00820000 0.01710625
0.00050000 0.00179375 0.00870000 0.01710625
0.00100000 0.00051250 0.00965000 0.01480000
0.00050000 0.00179375 0.00965000 0.01531250
0.00050000 0.00179375 0.01015000 0.01531250
0.00050000 0.00179375 0.00965000 0.01710625
0.00050000 0.00179375 0.01015000 0.01710625
0.00100000 0.00051250 0.01065000 0.01480000
0.00050000 0.00179375 0.01065000 0.01531250
0.00050000 0.00179375 0.01115000 0.01531250
0.00050000 0.00179375 0.01065000 0.01710625
0.00050000 0.00179375 0.01115000 0.01710625
0.00100000 0.00051250 0.01210000 0.01480000
0.00050000 0.00179375 0.01210000 0.01531250
0.00050000 0.00179375 0.01260000 0.01531250
0.00050000 0.00179375 0.01210000 0.01710625
0.00050000 0.00179375 0.01260000 0.01710625
0.00100000 0.00051250 0.01310000 0.01480000
0.00050000 0.00179375 0.01310000 0.01531250
0.00050000 0.00179375 0.01360000 0.01531250
0.00050000 0.00179375 0.01310000 0.01710625
0.00050000 0.00179375 0.01360000 0.01710625
0.00100000 0.00051250 0.01455000 0.01480000
0.00050000 0.00179375 0.01455000 0.01531250
0.00050000 0.00179375 0.01505000 0.01531250
0.00050000 0.00179375 0.01455000 0.01710625
0.00050000 0.00179375 0.01505000 0.01710625
0.00100000 0.00051250 0.01555000 0.01480000
0.00050000 0.00179375 0.01555000 0.01531250
0.00050000 0.00179375 0.01605000 0.01531250
0.00050000 0.00179375 0.01555000 0.01710625
0.00050000 0.00179375 0.01605000 0.01710625
0.00100000 0.00051250 0.01700000 0.01480000
0.00050000 0.00179375 0.01700000 0.01531250
0.00050000 0.00179375 0.01750000 0.01531250
0.00050000 0.00179375 0.01700000 0.01710625
0.00050000 0.00179375 0.01750000 0.01710625
0.00100000 0.00051250 0.01800000 0.01480000
0.00050000 0.00179375 0.01800000 0.01531250
0.00050000 0.00179375 0.01850000 0.01531250
0.00050000 0.00179375 0.01800000 0.01710625
0.00050000 0.00179375 0.01850000 0.01710625
0.00100000 0.00051250 0.01945000 0.01480000
0.00050000 0.00179375 0.01945000 0.01531250
0.00050000 0.00179375 0.01995000 0.01531250
0.00050000 0.00179375 0.01945000 0.01710625
0.00050000 0.00179375 0.01995000 0.01710625
0.00100000 0.00051250 0.02045000 0.01480000
0.00050000 0.00179375 0.02045000 0.01531250
0.00050000 0.00179375 0.02095000 0.01531250
0.00050000 0.00179375 0.02045000 0.01710625
0.00050000 0.00179375 0.02095000 0.01710625
0.00100000 0.00051250 0.02190000 0.01480000
0.00050000 0.00179375 0.02190000 0.01531250
0.00050000 0.00179375 0.02240000 0.01531250
0.00050000 0.00179375 0.02190000 0.01710625
0.00050000 0.00179375 0.02240000 0.01710625
0.00100000 0.00051250 0.02290000 0.01480000
0.00050000 0.00179375 0.02290000 0.01531250
0.00050000 0.00179375 0.02340000 0.01531250
0.00050000 0.00179375 0.02290000 0.01710625
0.00050000 0.00179375 0.02340000 0.01710625
0.00100000 0.00051250 0.02435000 0.01480000
0.00050000 0.00179375 0.02435000 0.01531250
0.00050000 0.00179375 0.02485000 0.01531250
0.00050000 0.00179375 0.02435000 0.01710625
0.00050000 0.00179375 0.02485000 0.01710625
0.00100000 0.00051250 0.02535000 0.01480000
0.00050000 0.00179375 0.02535000 0.01531250
0.00050000 0.00179375 0.02585000 0.01531250
0.00050000 0.00179375 0.02535000 0.01710625
0.00050000 0.00179375 0.02585000 0.01710625
0.00100000 0.00051250 0.00230000 0.01128750
0.00050000 0.00179375 0.00230000 0.00770000
0.00050000 0.00179375 0.00280000 0.00770000
0.00050000 0.00179375 0.00230000 0.00949375
0.00050000 0.00179375 0.00280000 0.00949375
0.00100000 0.00051250 0.00330000 0.01128750
0.00050000 0.00179375 0.00330000 0.00770000
0.00050000 0.00179375 0.00380000 0.00770000
0.00050000 0.00179375 0.00330000 0.00949375
0.00050000 0.00179375 0.00380000 0.00949375
0.00100000 0.00051250 0.00475000 0.01128750
0.00050000 0.00179375 0.00475000 0.00770000
0.00050000 0.00179375 0.00525000 0.00770000
0.00050000 0.00179375 0.00475000 0.00949375
0.00050000 0.00179375 0.00525000 0.00949375
0.00100000 0.00051250 0.00575000 0.01128750
0.00050000 0.00179375 0.00575000 0.00770000
0.00050000 0.00179375 0.00625000 0.00770000
0.00050000 0.00179375 0.00575000 0.00949375
0.00050000 0.00179375 0.00625000 0.00949375
0.00100000 0.00051250 0.00720000 0.01128750
0.00050000 0.00179375 0.00720000 0.00770000
0.00050000 0.00179375 0.00770000 0.00770000
0.00050000 0.00179375 0.00720000 0.00949375
0.00050000 0.00179375 0.00770000 0.00949375
0.00100000 0.00051250 0.00820000 0.01128750
0.00050000 0.00179375 0.00820000 0.00770000
0.00050000 0.00179375 0.00870000 0.00770000
0.00050000 0.00179375 0.00820000 0.00949375
0.00050000 0.00179375 0.00870000 0.00949375
0.00100000 0.00051250 0.00965000 0.01128750
0.00050000 0.00179375 0.00965000 0.00770000
0.00050000 0.00179375 0.01015000 0.00770000
0.00050000 0.00179375 0.00965000 0.00949375
0.00050000 0.00179375 0.01015000 0.00949375
0.00100000 0.00051250 0.01065000 0.01128750
0.00050000 0.00179375 0.01065000 0.00770000
0.00050000 0.00179375 0.01115000 0.00770000
0.00050000 0.00179375 0.01065000 0.00949375
0.00050000 0.00179375 0.01115000 0.00949375
0.00100000 0.00051250 0.01210000 0.01128750
0.00050000 0.00179375 0.01210000 0.00770000
0.00050000 0.00179375 0.01260000 0.00770000
0.00050000 0.00179375 0.01210000 0.00949375
0.00050000 0.00179375 0.01260000 0.00949375
0.00100000 0.00051250 0.01310000 0.01128750
0.00050000 0.00179375 0.01310000 0.00770000
0.00050000 0.00179375 0.01360000 0.00770000
0.00050000 0.00179375 0.01310000 0.00949375
0.00050000 0.00179375 0.01360000 0.00949375
0.00100000 0.00051250 0.01455000 0.01128750
0.00050000 0.00179375 0.01455000 0.00770000
0.00050000 0.00179375 0.01505000 0.00770000
0.00050000 0.00179375 0.01455000 0.00949375
0.00050000 0.00179375 0.01505000 0.00949375
0.00100000 0.00051250 0.01555000 0.01128750
0.00050000 0.00179375 0.01555000 0.00770000
0.00050000 0.00179375 0.01605000 0.00770000
0.00050000 0.00179375 0.01555000 0.00949375
0.00050000 0.00179375 0.01605000 0.00949375
0.00100000 0.00051250 0.01700000 0.01128750
0.00050000 0.00179375 0.01700000 0.00770000
0.00050000 0.00179375 0.01750000 0.00770000
0.00050000 0.00179375 0.01700000 0.00949375
0.00050000 0.00179375 0.01750000 0.00949375
0.00100000 0.00051250 0.01800000 0.01128750
0.00050000 0.00179375 0.01800000 0.00770000
0.00050000 0.00179375 0.01850000 0.00770000
0.00050000 0.00179375 0.01800000 0.00949375
0.00050000 0.00179375 0.01850000 0.00949375
0.00100000 0.00051250 0.01945000 0.01128750
0.00050000 0.00179375 0.01945000 0.00770000
0.00050000 0.00179375 0.01995000 0.00770000
0.00050000 0.00179375 0.01945000 0.00949375
0.00050000 0.00179375 0.01995000 0.00949375
0.00100000 0.00051250 0.02045000 0.01128750
0.00050000 0.00179375 0.02045000 0.00770000
0.00050000 0.00179375 0.02095000 0.00770000
0.00050000 0.00179375 0.02045000 0.00949375
0.00050000 0.00179375 0.02095000 0.00949375
0.00100000 0.00051250 0.02190000 0.01128750
0.00050000 0.00179375 0.02190000 0.00770000
0.00050000 0.00179375 0.02240000 0.00770000
0.00050000 0.00179375 0.02190000 0.00949375
0.00050000 0.00179375 0.02240000 0.00949375
0.00100000 0.00051250 0.02290000 0.01128750
0.00050000 0.00179375 0.02290000 0.00770000
0.00050000 0.00179375 0.02340000 0.00770000
0.00050000 0.00179375 0.02290000 0.00949375
0.00050000 0.00179375 0.02340000 0.00949375
0.00100000 0.00051250 0.02435000 0.01128750
0.00050000 0.00179375 0.02435000 0.00770000
0.00050000 0.00179375 0.02485000 0.00770000
0.00050000 0.00179375 0.02435000 0.00949375
0.00050000 0.00179375 0.02485000 0.00949375
0.00100000 0.00051250 0.02535000 0.01128750
0.00050000 0.00179375 0.02535000 0.00770000
0.00050000 0.00179375 0.02585000 0.00770000
0.00050000 0.00179375 0.02535000 0.00949375
0.00050000 0.00179375 0.02585000 0.00949375
0.00100000 0.00051250 0.00230000 0.00708750
0.00050000 0.00179375 0.00230000 0.00350000
0.00050000 0.00179375 0.00280000 0.00350000
0.00050000 0.00179375 0.00230000 0.00529375
0.00050000 0.00179375 0.00280000 0.00529375
0.00100000 0.00051250 0.00330000 0.00708750
0.00050000 0.00179375 0.00330000 0.00350000
0.00050000 0.00179375 0.00380000 0.00350000
0.00050000 0.00179375 0.00330000 0.00529375
0.00050000 0.00179375 0.00380000 0.00529375
0.00100000 0.00051250 0.00475000 0.00708750
0.00050000 0.00179375 0.00475000 0.00350000
0.00050000 0.00179375 0.00525000 0.00350000
0.00050000 0.00179375 0.00475000 0.00529375
0.00050000 0.00179375 0.00525000 0.00529375
0.00100000 0.00051250 0.00575000 0.00708750
0.00050000 0.00179375 0.00575000 0.00350000
0.00050000 0.00179375 0.00625000 0.00350000
0.00050000 0.00179375 0.00575000 0.00529375
0.00050000 0.00179375 0.00625000 0.00529375
0.00100000 0.00051250 0.00720000 0.00708750
0.00050000 0.00179375 0.00720000 0.00350000
0.00050000 0.00179375 0.00770000 0.00350000
0.00050000 0.00179375 0.00720000 0.00529375
0.00050000 0.00179375 0.00770000 0.00529375
0.00100000 0.00051250 0.00820000 0.00708750
0.00050000 0.00179375 0.00820000 0.00350000
0.00050000 0.00179375 0.00870000 0.00350000
0.00050000 0.00179375 0.00820000 0.00529375
0.00050000 0.00179375 0.00870000 0.00529375
0.00100000 0.00051250 0.00965000 0.00708750
0.00050000 0.00179375 0.00965000 0.00350000
0.00050000 0.00179375 0.01015000 0.00350000
0.00050000 0.00179375 0.00965000 0.00529375
0.00050000 0.00179375 0.01015000 0.00529375
0.00100000 0.00051250 0.01065000 0.00708750
0.00050000 0.00179375 0.01065000 0.00350000
0.00050000 0.00179375 0.01115000 0.00350000
0.00050000 0.00179375 0.01065000 0.00529375
0.00050000 0.00179375 0.01115000 0.00529375
0.00100000 0.00051250 0.01210000 0.00708750
0.00050000 0.00179375 0.01210000 0.00350000
0.00050000 0.00179375 0.01260000 0.00350000
0.00050000 0.00179375 0.01210000 0.00529375
0.00050000 0.00179375 0.01260000 0.00529375
0.00100000 0.00051250 0.01310000 0.00708750
0.00050000 0.00179375 0.01310000 0.00350000
0.00050000 0.00179375 0.01360000 0.00350000
0.00050000 0.00179375 0.01310000 0.00529375
0.00050000 0.00179375 0.01360000 0.00529375
0.00100000 0.00051250 0.01455000 0.00708750
0.00050000 0.00179375 0.01455000 0.00350000
0.00050000 0.00179375 0.01505000 0.00350000
0.00050000 0.00179375 0.01455000 0.00529375
0.00050000 0.00179375 0.01505000 0.00529375
0.00100000 0.00051250 0.01555000 0.00708750
0.00050000 0.00179375 0.01555000 0.00350000
0.00050000 0.00179375 0.01605000 0.00350000
0.00050000 0.00179375 0.01555000 0.00529375
0.00050000 0.00179375 0.01605000 0.00529375
0.00100000 0.00051250 0.01700000 0.00708750
0.00050000 0.00179375 0.01700000 0.00350000
0.00050000 0.00179375 0.01750000 0.00350000
0.00050000 0.00179375 0.01700000 0.00529375
0.00050000 0.00179375 0.01750000 0.00529375
0.00100000 0.00051250 0.01800000 0.00708750
0.00050000 0.00179375 0.01800000 0.00350000
0.00050000 0.00179375 0.01850000 0.00350000
0.00050000 0.00179375 0.01800000 0.00529375
0.00050000 0.00179375 0.01850000 0.00529375
0.00100000 0.00051250 0.01945000 0.00708750
0.00050000 0.00179375 0.01945000 0.00350000
0.00050000 0.00179375 0.01995000 0.00350000
0.00050000 0.00179375 0.01945000 0.00529375
0.00050000 0.00179375 0.01995000 0.00529375
0.00100000 0.00051250 0.02045000 0.00708750
0.00050000 0.00179375 0.02045000 0.00350000
0.00050000 0.00179375 0.02095000 0.00350000
0.00050000 0.00179375 0.02045000 0.00529375
0.00050000 0.00179375 0.02095000 0.00529375
0.00100000 0.00051250 0.02190000 0.00708750
0.00050000 0.00179375 0.02190000 0.00350000
0.00050000 0.00179375 0.02240000 0.00350000
0.00050000 0.00179375 0.02190000 0.00529375
0.00050000 0.00179375 0.02240000 0.00529375
0.00100000 0.00051250 0.02290000 0.00708750
0.00050000 0.00179375 0.02290000 0.00350000
0.00050000 0.00179375 0.02340000 0.00350000
0.00050000 0.00179375 0.02290000 0.00529375
0.00050000 0.00179375 0.02340000 0.00529375
0.00100000 0.00051250 0.02435000 0.00708750
0.00050000 0.00179375 0.02435000 0.00350000
0.00050000 0.00179375 0.02485000 0.00350000
0.00050000 0.00179375 0.02435000 0.00529375
0.00050000 0.00179375 0.02485000 0.00529375
0.00100000 0.00051250 0.02535000 0.00708750
0.00050000 0.00179375 0.02535000 0.00350000
0.00050000 0.00179375 0.02585000 0.00350000
0.00050000 0.00179375 0.02535000 0.00529375
0.00050000 0.00179375 0.02585000 0.00529375
0.02350000 0.00150000 0.00250000 0.01250000
0.00150000 0.02440000 0.00000000 0.00200000
0.00150000 0.02440000 0.02710000 0.00200000
0.02475000 0.00100000 0.00200000 0.00150000
